Stud Qu1 Qu2 Qu3 Qu4 Qu51234 052 007 100 078 034 
2134 090 036 090 077 030 
3124 100 045 020 090 070 
4532 011 017 081 032 077 
5678 020 012 045 078 034 
6134 034 080 055 078 045 
7874 060 100 056 078 078 
8026 070 010 066 078 056 
9893 034 009 077 078 020 
1947 045 040 088 078 055 
2877 055 050 099 078 080 
3189 022 070 100 078 077 
4602 089 050 091 078 060 
5405 011 011 000 078 010 
6999 000 098 089 078 020
1634 052 007 100 078 034 
2534 090 036 090 077 030 
3174 100 045 020 090 070 
4532 011 017 081 032 077 
5878 020 012 045 078 034 
6234 034 080 055 078 045 
7374 060 100 056 078 078 
8626 070 010 066 078 056 
9493 034 009 077 078 020 
1747 045 040 088 078 055 
2177 055 050 099 078 080 
3689 022 070 100 078 077 
4202 089 050 091 078 060 
5905 011 011 020 078 010 
6989 000 098 089 078 020
1544 052 007 100 078 034 
2194 090 036 090 077 030 
3104 100 045 020 090 070 
4502 011 017 081 032 077 
5698 020 012 045 078 034 
6674 034 080 055 078 045 
7344 060 100 056 078 078 
8786 070 010 066 078 056 
9903 034 009 077 078 020 
1457 045 040 088 078 055 
2677 055 050 099 078 080 
3359 022 070 100 078 077 
4892 089 050 091 078 060 
5345 011 011 000 078 010 
6739 000 098 089 078 020
